88
NULL 0 Common 0
Joined 7 0,255,0,255,0,0,0,0,0,0 Latin 1 0 1 Joined	# Joined [4a 6f 69 6e 65 64 ]a
|Broken|0|1 15 0,255,0,255,0,0,0,0,0,0 Common 2 10 2 |Broken|0|1	# Broken
𑙄 1 0,255,0,255,0,0,0,0,0,0 Modi 3 0 3 𑙄	# 𑙄 [11644 ]x
. 16 0,255,0,255,0,0,0,0,0,0 Common 4 6 4 .	# . [2e ]p
𑘦 1 0,255,0,255,0,0,0,0,0,0 Modi 5 0 5 𑘦	# 𑘦 [11626 ]x
𑘩 1 0,255,0,255,0,0,0,0,0,0 Modi 6 0 6 𑘩	# 𑘩 [11629 ]x
𑘰 0 0,255,0,255,0,0,0,0,0,0 Modi 7 0 7 𑘰	# 𑘰 [11630 ]
” 16 0,255,0,255,0,0,0,0,0,0 Common 8 10 8 "	# ” [201d ]p
" 16 0,255,0,255,0,0,0,0,0,0 Common 9 10 9 "	# " [22 ]p
𑘮 1 0,255,0,255,0,0,0,0,0,0 Modi 10 0 10 𑘮	# 𑘮 [1162e ]x
𑘐 1 0,255,0,255,0,0,0,0,0,0 Modi 11 0 11 𑘐	# 𑘐 [11610 ]x
𑘨 1 0,255,0,255,0,0,0,0,0,0 Modi 12 0 12 𑘨	# 𑘨 [11628 ]x
𑘿 0 0,255,0,255,0,0,0,0,0,0 Modi 13 17 13 𑘿	# 𑘿 [1163f ]
𑘣 1 0,255,0,255,0,0,0,0,0,0 Modi 14 0 14 𑘣	# 𑘣 [11623 ]x
𑘹 0 0,255,0,255,0,0,0,0,0,0 Modi 15 17 15 𑘹	# 𑘹 [11639 ]
𑘜 1 0,255,0,255,0,0,0,0,0,0 Modi 16 0 16 𑘜	# 𑘜 [1161c ]x
𑘚 1 0,255,0,255,0,0,0,0,0,0 Modi 17 0 17 𑘚	# 𑘚 [1161a ]x
𑘓 1 0,255,0,255,0,0,0,0,0,0 Modi 18 0 18 𑘓	# 𑘓 [11613 ]x
𑘧 1 0,255,0,255,0,0,0,0,0,0 Modi 19 0 19 𑘧	# 𑘧 [11627 ]x
𑙁 16 0,255,0,255,0,0,0,0,0,0 Modi 20 0 20 𑙁	# 𑙁 [11641 ]p
𑘫 1 0,255,0,255,0,0,0,0,0,0 Modi 21 0 21 𑘫	# 𑘫 [1162b ]x
𑘪 1 0,255,0,255,0,0,0,0,0,0 Modi 22 0 22 𑘪	# 𑘪 [1162a ]x
𑘽 0 0,255,0,255,0,0,0,0,0,0 Modi 23 17 23 𑘽	# 𑘽 [1163d ]
𑘝 1 0,255,0,255,0,0,0,0,0,0 Modi 24 0 24 𑘝	# 𑘝 [1161d ]x
𑘟 1 0,255,0,255,0,0,0,0,0,0 Modi 25 0 25 𑘟	# 𑘟 [1161f ]x
𑘲 0 0,255,0,255,0,0,0,0,0,0 Modi 26 0 26 𑘲	# 𑘲 [11632 ]
𑘖 1 0,255,0,255,0,0,0,0,0,0 Modi 27 0 27 𑘖	# 𑘖 [11616 ]x
𑘳 0 0,255,0,255,0,0,0,0,0,0 Modi 28 17 28 𑘳	# 𑘳 [11633 ]
𑘕 1 0,255,0,255,0,0,0,0,0,0 Modi 29 0 29 𑘕	# 𑘕 [11615 ]x
𑘞 1 0,255,0,255,0,0,0,0,0,0 Modi 30 0 30 𑘞	# 𑘞 [1161e ]x
𑘍 1 0,255,0,255,0,0,0,0,0,0 Modi 31 0 31 𑘍	# 𑘍 [1160d ]x
𑘬 1 0,255,0,255,0,0,0,0,0,0 Modi 32 0 32 𑘬	# 𑘬 [1162c ]x
𑘻 0 0,255,0,255,0,0,0,0,0,0 Modi 33 0 33 𑘻	# 𑘻 [1163b ]
𑘠 1 0,255,0,255,0,0,0,0,0,0 Modi 34 0 34 𑘠	# 𑘠 [11620 ]x
𑘢 1 0,255,0,255,0,0,0,0,0,0 Modi 35 0 35 𑘢	# 𑘢 [11622 ]x
𑙐 8 0,255,0,255,0,0,0,0,0,0 Modi 36 0 36 𑙐	# 𑙐 [11650 ]0
𑙒 8 0,255,0,255,0,0,0,0,0,0 Modi 37 0 37 𑙒	# 𑙒 [11652 ]0
𑙕 8 0,255,0,255,0,0,0,0,0,0 Modi 38 0 38 𑙕	# 𑙕 [11655 ]0
𑙓 8 0,255,0,255,0,0,0,0,0,0 Modi 39 0 39 𑙓	# 𑙓 [11653 ]0
- 16 0,255,0,255,0,0,0,0,0,0 Common 40 3 40 -	# - [2d ]p
𑙙 8 0,255,0,255,0,0,0,0,0,0 Modi 41 0 41 𑙙	# 𑙙 [11659 ]0
𑙗 8 0,255,0,255,0,0,0,0,0,0 Modi 42 0 42 𑙗	# 𑙗 [11657 ]0
𑙑 8 0,255,0,255,0,0,0,0,0,0 Modi 43 0 43 𑙑	# 𑙑 [11651 ]0
𑘁 1 0,255,0,255,0,0,0,0,0,0 Modi 44 0 44 𑘁	# 𑘁 [11601 ]x
, 16 0,255,0,255,0,0,0,0,0,0 Common 45 6 45 ,	# , [2c ]p
𑘑 1 0,255,0,255,0,0,0,0,0,0 Modi 46 0 46 𑘑	# 𑘑 [11611 ]x
𑘃 1 0,255,0,255,0,0,0,0,0,0 Modi 47 0 47 𑘃	# 𑘃 [11603 ]x
𑘡 1 0,255,0,255,0,0,0,0,0,0 Modi 48 0 48 𑘡	# 𑘡 [11621 ]x
𑘎 1 0,255,0,255,0,0,0,0,0,0 Modi 49 0 49 𑘎	# 𑘎 [1160e ]x
𑘄 1 0,255,0,255,0,0,0,0,0,0 Modi 50 0 50 𑘄	# 𑘄 [11604 ]x
𑘥 1 0,255,0,255,0,0,0,0,0,0 Modi 51 0 51 𑘥	# 𑘥 [11625 ]x
𑘘 1 0,255,0,255,0,0,0,0,0,0 Modi 52 0 52 𑘘	# 𑘘 [11618 ]x
𑘊 1 0,255,0,255,0,0,0,0,0,0 Modi 53 0 53 𑘊	# 𑘊 [1160a ]x
𑘭 1 0,255,0,255,0,0,0,0,0,0 Modi 54 0 54 𑘭	# 𑘭 [1162d ]x
* 16 0,255,0,255,0,0,0,0,0,0 Common 55 10 55 *	# * [2a ]p
' 16 0,255,0,255,0,0,0,0,0,0 Common 56 10 56 '	# ' [27 ]p
𑘙 1 0,255,0,255,0,0,0,0,0,0 Modi 57 0 57 𑘙	# 𑘙 [11619 ]x
𑘤 1 0,255,0,255,0,0,0,0,0,0 Modi 58 0 58 𑘤	# 𑘤 [11624 ]x
: 16 0,255,0,255,0,0,0,0,0,0 Common 59 6 59 :	# : [3a ]p
𑘀 1 0,255,0,255,0,0,0,0,0,0 Modi 60 0 60 𑘀	# 𑘀 [11600 ]x
% 16 0,255,0,255,0,0,0,0,0,0 Common 61 4 61 %	# % [25 ]p
𑙀 0 0,255,0,255,0,0,0,0,0,0 Modi 62 17 62 𑙀	# 𑙀 [11640 ]
𑘯 1 0,255,0,255,0,0,0,0,0,0 Modi 63 0 63 𑘯	# 𑘯 [1162f ]x
𑘏 1 0,255,0,255,0,0,0,0,0,0 Modi 64 0 64 𑘏	# 𑘏 [1160f ]x
“ 16 0,255,0,255,0,0,0,0,0,0 Common 65 10 65 "	# “ [201c ]p
𑙘 8 0,255,0,255,0,0,0,0,0,0 Modi 66 0 66 𑙘	# 𑙘 [11658 ]0
𑘛 1 0,255,0,255,0,0,0,0,0,0 Modi 67 0 67 𑘛	# 𑘛 [1161b ]x
/ 16 0,255,0,255,0,0,0,0,0,0 Common 68 6 68 /	# / [2f ]p
𑘺 0 0,255,0,255,0,0,0,0,0,0 Modi 69 17 69 𑘺	# 𑘺 [1163a ]
𑘗 1 0,255,0,255,0,0,0,0,0,0 Modi 70 0 70 𑘗	# 𑘗 [11617 ]x
; 16 0,255,0,255,0,0,0,0,0,0 Common 71 10 71 ;	# ; [3b ]p
𑘋 1 0,255,0,255,0,0,0,0,0,0 Modi 72 0 72 𑘋	# 𑘋 [1160b ]x
𑘌 1 0,255,0,255,0,0,0,0,0,0 Modi 73 0 73 𑘌	# 𑘌 [1160c ]x
? 16 0,255,0,255,0,0,0,0,0,0 Common 74 10 74 ?	# ? [3f ]p
𑙔 8 0,255,0,255,0,0,0,0,0,0 Modi 75 0 75 𑙔	# 𑙔 [11654 ]0
𑘼 0 0,255,0,255,0,0,0,0,0,0 Modi 76 0 76 𑘼	# 𑘼 [1163c ]
) 16 0,255,0,255,0,0,0,0,0,0 Common 77 10 80 )	# ) [29 ]p
𑘾 0 0,255,0,255,0,0,0,0,0,0 Modi 78 0 78 𑘾	# 𑘾 [1163e ]
! 16 0,255,0,255,0,0,0,0,0,0 Common 79 10 79 !	# ! [21 ]p
( 16 0,255,0,255,0,0,0,0,0,0 Common 80 10 77 (	# ( [28 ]p
𑙖 8 0,255,0,255,0,0,0,0,0,0 Modi 81 0 81 𑙖	# 𑙖 [11656 ]0
_ 16 0,255,0,255,0,0,0,0,0,0 Common 82 10 82 _	# _ [5f ]p
[ 16 0,255,0,255,0,0,0,0,0,0 Common 83 10 85 [	# [ [5b ]p
𑙂 16 0,255,0,255,0,0,0,0,0,0 Modi 84 0 84 𑙂	# 𑙂 [11642 ]p
] 16 0,255,0,255,0,0,0,0,0,0 Common 85 10 83 ]	# ] [5d ]p
𑘔 1 0,255,0,255,0,0,0,0,0,0 Modi 86 0 86 𑘔	# 𑘔 [11614 ]x
𑙃 16 0,255,0,255,0,0,0,0,0,0 Modi 87 0 87 𑙃	# 𑙃 [11643 ]p
